1 1 20 20 0
1 22 20 20 -1
22 22 20 20 -1
43 22 20 20 -1
64 22 20 20 -1
85 22 20 20 5
85 43 20 20 -1
85 64 20 20 7
106 64 20 20 -1
127 64 20 20 10
127 43 20 20 -1
127 22 20 20 -1
127 1 20 20 -1
148 1 20 20 -1
169 1 20 20 9
169 22 20 20 3
169 43 20 20 6
169 64 20 20 -1
169 85 20 20 -1
169 106 20 20 -1
148 106 20 20 -1
127 106 20 20 2
106 106 20 20 -1
85 106 20 20 11
64 106 20 20 -1
43 106 20 20 -1
43 85 20 20 7
43 64 20 20 -1
22 64 20 20 -1
1 64 20 20 11
1 85 20 20 4
1 106 20 20 -1
1 127 20 20 -1
1 148 20 20 1
22 148 20 20 -1
43 148 20 20 -1
64 148 20 20 8
85 148 20 20 7
106 148 20 20 11
127 148 20 20 9
148 148 20 20 -1
169 148 20 20 -1
190 148 20 20 -1
212 148 20 20 11
212 127 20 20 -1
212 106 20 20 9
233 106 20 20 100